8502113 Aarau 101 47.391355 8.051251 WGS84 0
8504404 Aarberg 101 47.044533 7.278682 WGS84 0
8502000 Aarburg 100 47.320268 7.908206 WGS84 0
8503096 Adliswil 101 47.312304 8.524165 WGS84 0
8502224 AffolternamAlbis 100 47.276068 8.446579 WGS84 0
8505395 Agno 0 45.995932 8.900911 WGS84 0
8501400 Aigle 101 46.316847 6.963682 WGS84 0
8587001 Allschwil 100 47.55112 7.536556 WGS84 0
8505113 Altdorf 101 46.875743 8.631568 WGS84 0
8506319 Altsttten 100 47.37423 9.556513 WGS84 0
8506109 Amriswil 101 47.550446 9.302217 WGS84 0
8506286 Appenzell 101 47.328287 9.408829 WGS84 0
8506308 Arbon 101 47.510588 9.433333 WGS84 0
8505573 Ascona 100 46.154565 8.767368 WGS84 0
8501870 Aubonne 100 46.494016 6.392822 WGS84 0
8504126 Avenches 101 46.884597 7.040917 WGS84 0
8502206 Baar 101 47.195363 8.523257 WGS84 0
8503504 Baden 101 47.47642 8.307695 WGS84 0
22 Basel 0 47.547408 7.589547 WGS84 0
8505213 Bellinzona 101 46.195439 9.029511 WGS84 0
8507000 Bern 101 46.948825 7.439122 WGS84 0
8502038 Beromnster 100 47.207867 8.189469 WGS84 0
8505209 Biasca 101 46.351986 8.974165 WGS84 0
8504300 BielBienne 100 47.132888 7.242905 WGS84 0
8500060 Binningen 100 47.537322 7.575155 WGS84 0
8589396 Birsfelden 100 47.548351 7.630178 WGS84 0
8506215 Bischofszell 100 47.500421 9.234016 WGS84 0
8504208 Boudry 101 46.959441 6.835046 WGS84 0
0 Bourg-Saint-Pierre 100 45.950717 7.209357 WGS84 0
8502273 Bremgarten 101 47.351874 8.347473 WGS84 0
8501609 Brig 101 46.319418 7.988093 WGS84 0
8500309 Brugg 100 47.480851 8.208823 WGS84 0
8509404 Buchs 100 47.168404 9.47863 WGS84 0
8504086 Bulle 101 46.618193 7.055039 WGS84 0
5106284 Blach 100 50.773411 18.968093 WGS84 0
8508005 Burgdorf 101 47.060696 7.621683 WGS84 0
8592669 Carouge 100 46.1868 6.140207 WGS84 0
8502203 Cham 0 47.178239 8.457483 WGS84 0
0 Chtel-Saint-Denis 100 46.52768 6.901648 WGS84 0
8509000 Chur 101 46.853081 9.528925 WGS84 0
8570713 Conthey 100 46.2326 7.303402 WGS84 0
8501023 Coppet 101 46.317378 6.187832 WGS84 0
8530003 Cossonay 100 46.612044 6.509898 WGS84 0
8575686 Croglio 100 45.988372 8.841466 WGS84 0
8504561 Cudrefin 101 46.959216 7.014166 WGS84 0
8501124 Cully 101 46.48855 6.727149 WGS84 0
8509073 Davos 100 46.791469 9.820724 WGS84 0
8500109 Delmont 100 47.361996 7.350056 WGS84 0
8503428 Diessenhofen 101 47.685473 8.752275 WGS84 0
8503508 Dietikon 101 47.405774 8.404968 WGS84 0
8503128 Dbendorf 100 47.400074 8.623405 WGS84 0
8502200 Ebikon 101 47.084256 8.342349 WGS84 0
8570180 challens 100 46.640908 6.631567 WGS84 0
8503402 Eglisau 101 47.572371 8.516533 WGS84 0
8503283 Einsiedeln 101 47.128582 8.744463 WGS84 0
8506014 Elgg 101 47.498524 8.86339 WGS84 0
8590367 Emmen 100 47.093605 8.313107 WGS84 0
8504378 Erlach 101 47.049279 7.097424 WGS84 0
8504132 Estavayer-le-Lac 101 46.844496 6.842957 WGS84 0
8506100 Frauenfeld 101 47.558159 8.896534 WGS84 0
124 Freienbach 0 47.20731 8.756194 WGS84 0
8504100 Fribourg 101 46.803272 7.151026 WGS84 0
8501008 Geneva 101 46.210199 6.142455 WGS84 0
8501031 Gland 101 46.419972 6.26914 WGS84 0
8503230 Glarus 101 47.039922 9.071554 WGS84 0
8505402 Gordola 101 46.179043 8.865764 WGS84 0
8506210 Gossau 100 47.411832 9.253028 WGS84 0
8504986 Grandcour 100 46.871823 6.928831 WGS84 0
8504201 Grandson 101 46.806274 6.641931 WGS84 0
8530648 Greifensee 100 47.364531 8.674923 WGS84 0
11 Grenchen 0 47.191803 7.389465 WGS84 0
8400263 Grningen 100 53.210684 6.564273 WGS84 0
8504077 Gruyres 100 46.582604 7.073252 WGS84 0
8506290 Herisau 101 47.390168 9.276804 WGS84 0
8501239 Hermance 101 46.301629 6.241543 WGS84 0
8503204 Horgen 101 47.261479 8.596905 WGS84 0
8508319 Horw 101 47.017476 8.306967 WGS84 0
8508187 Huttwil 101 47.114595 7.842719 WGS84 0
8509171 Ilanz 101 46.77536 9.207435 WGS84 0
0 Illnau-Effretikon 100 47.420165 8.68277 WGS84 0
8507069 Ittigen 100 46.973312 7.484131 WGS84 0
8508311 Kaiserstuhl 100 46.814364 8.175509 WGS84 0
8516176 Klingnau 0 47.582088 8.248816 WGS84 0
8503308 Kloten 101 47.448607 8.58379 WGS84 0
5244030 Kniz 100 41.807651 25.587048 WGS84 0
8506131 Kreuzlingen 101 47.652554 9.169069 WGS84 0
8508453 Kriens 100 47.03042 8.277878 WGS84 0
8505002 Ksnacht 100 47.083591 8.43349 WGS84 0
8505002 Kssnacht 100 47.083591 8.43349 WGS84 0
8504314 LaChaux-de-Fonds 100 47.098639 6.826021 WGS84 0
8714109 LaNeuveville 101 48.655508 6.22796 WGS84 0
8501108 LaSarraz 100 46.658779 6.517368 WGS84 0
8501201 LaTour-de-Peilz 100 46.455443 6.859533 WGS84 0
8716805 LaTour-de-Trme 100 44.471452 1.75357 WGS84 0
8504225 LeLanderon 100 47.056624 7.06633 WGS84 0
8504316 LeLocle 100 47.057855 6.746152 WGS84 0
7942313 LesCles 100 46.360427 14.157632 WGS84 0
8503220 Lachen 101 47.190068 8.852693 WGS84 0
8516155 Lancy 100 46.188895 6.12533 WGS84 0
8508100 Langenthal 101 47.217297 7.784712 WGS84 0
8500113 Laufen 101 47.419338 7.50263 WGS84 0
8500322 Laufenburg 101 47.559768 8.061274 WGS84 0
8504194 Laupen 101 46.902602 7.238015 WGS84 0
8501120 Lausanne 101 46.516776 6.629095 WGS84 0
8502119 Lenzburg 101 47.391193 8.170376 WGS84 0
8501601 Leuk 101 46.311885 7.64395 WGS84 0
8506201 Lichtensteig 101 47.319693 9.083168 WGS84 0
8500023 Liestal 101 47.484456 7.731352 WGS84 0
8505400 Locarno 101 46.172427 8.801356 WGS84 0
8505453 Losone 100 46.164993 8.762496 WGS84 0
8505300 Lugano 101 46.005506 8.946873 WGS84 0
8501122 Lutry 101 46.503778 6.690608 WGS84 0
8505000 Lucerne 0 47.050169 8.310167 WGS84 0
8504414 Lyss 101 47.076319 7.306288 WGS84 0
8509003 Maienfeld 101 47.003839 9.529194 WGS84 0
8501500 Martigny 101 46.105826 7.079122 WGS84 0
8503104 Meilen 101 47.269812 8.644296 WGS84 0
8502962 Mellingen 100 47.412884 8.27501 WGS84 0
8505305 Mendrisio 101 45.869122 8.978605 WGS84 0
8501006 Meyrin 101 46.222335 6.076914 WGS84 0
8501421 Monthey 101 46.255649 6.955223 WGS84 0
8501300 Montreux 101 46.435873 6.91043 WGS84 0
8505557 Morcote 100 45.922742 8.917146 WGS84 0
8501037 Morges 101 46.511095 6.49396 WGS84 0
8504120 Moudon 101 46.668056 6.802505 WGS84 0
8500105 Moutier 101 47.280671 7.381042 WGS84 0
8500119 Mnchenstein 100 47.513383 7.617584 WGS84 0
8507006 Mnsingen 100 46.873342 7.559424 WGS84 0
8502215 Muri 100 47.276662 8.339796 WGS84 0
8504128 Murten 100 46.92539 7.115375 WGS84 0
8500020 Muttenz 101 47.533582 7.647878 WGS84 0
8504221 Neuchtel 100 46.996719 6.935708 WGS84 0
8503423 Neuhausen 101 47.683136 8.624916 WGS84 0
8014483 Neunkirch 101 47.68915 8.495381 WGS84 0
8504461 Nidau 101 47.124016 7.242177 WGS84 0
8501030 Nyon 101 46.38441 6.235969 WGS84 0
8502363 Oftringen 100 47.303494 7.936845 WGS84 0
8500218 Olten 101 47.351928 7.907684 WGS84 0
8593027 Onex 100 46.186225 6.107235 WGS84 0
8503340 Opfikon 101 47.429955 8.561766 WGS84 0
8501191 Orbe 0 46.724391 6.530105 WGS84 0
8501578 Orsires 100 46.027736 7.143808 WGS84 0
8507002 Ostermundigen 101 46.956798 7.481488 WGS84 0
8504134 Payerne 101 46.819641 6.939879 WGS84 0
8500126 Porrentruy 101 47.420911 7.080074 WGS84 0
8500021 Pratteln 101 47.52266 7.690802 WGS84 0
8518452 Prilly 100 46.526691 6.60263 WGS84 0
8501121 Pully 101 46.510915 6.65946 WGS84 0
0 Rapperswil-Jona 100 47.227805 8.825564 WGS84 0
8576289 Regensberg 100 47.482865 8.436259 WGS84 0
8503526 Regensdorf 100 47.436562 8.472063 WGS84 0
8502168 Reinach 100 47.250107 8.183338 WGS84 0
8501118 Renens 100 46.537029 6.578935 WGS84 0
8573433 Rheinau 100 47.638522 8.600321 WGS84 0
8506313 Rheineck 101 47.466891 9.590905 WGS84 0
8500301 Rheinfelden 101 47.55121 7.792155 WGS84 0
8503207 Richterswil 101 47.20837 8.707464 WGS84 0
8014439 Riehen 101 47.583158 7.652013 WGS84 0
8578876 RivaSanVitale 100 45.906013 8.971297 WGS84 0
8501033 Rolle 101 46.462733 6.336406 WGS84 0
8504657 Romainmtier 100 46.69452 6.460637 WGS84 0
8504023 Romont 101 46.693504 6.911814 WGS84 0
8506311 Rorschach 101 47.478002 9.50513 WGS84 0
8503121 Rue 0 47.260481 8.854069 WGS84 0
2060760 Rti 101 52.24508 43.744 WGS84 0
8571011 Saillon 100 46.17649 7.192089 WGS84 0
0 Saint-Maurice 100 46.21935 7.004026 WGS84 0
0 Saint-Prex 100 46.482141 6.456771 WGS84 0
0 Saint-Ursanne 101 47.362904 7.151943 WGS84 0
8300235 Sala 0 45.234303 8.017236 WGS84 0
8506302 StGallen 100 47.423177 9.369879 WGS84 0
8509411 Sargans 101 47.04536 9.445397 WGS84 0
8508314 Sarnen 101 46.894602 8.247477 WGS84 0
8503424 Schaffhausen 101 47.698283 8.632727 WGS84 0
8503509 Schlieren 101 47.399175 8.447226 WGS84 0
8505006 Schwyz 101 47.026393 8.632143 WGS84 0
8501576 Sembrancher 101 46.077105 7.146289 WGS84 0
8502009 Sempach 100 47.116051 8.195968 WGS84 0
8501509 Sierre 101 46.292118 7.532825 WGS84 0
8501506 Sion 101 46.227548 7.359189 WGS84 0
8500207 Solothurn 101 47.204181 7.542686 WGS84 0
8507483 Spiez 101 46.686394 7.680095 WGS84 0
8590268 Spreitenbach 100 47.414205 8.379519 WGS84 0
8509884 Splgen 100 46.552652 9.3206 WGS84 0
8506470 Stfa 100 47.391103 9.380054 WGS84 0
8508391 Stans 101 46.958318 8.366736 WGS84 0
8506136 Steckborn 101 47.664501 8.981005 WGS84 0
8508251 Steffisburg 101 46.772915 7.615022 WGS84 0
8506139 SteinamRhein 100 47.656105 8.855003 WGS84 0
8502007 Sursee 101 47.170787 8.097878 WGS84 0
8503202 Thalwil 101 47.29597 8.564751 WGS84 0
8593112 Thnex 100 46.193237 6.200911 WGS84 0
8507100 Thun 101 46.754856 7.629594 WGS84 0
8509189 Thusis 101 46.698197 9.440498 WGS84 0
8579177 Unterseen 100 46.684992 7.847771 WGS84 0
8503116 Uznach 101 47.224272 8.980673 WGS84 0
8503125 Uster 101 47.350364 8.718691 WGS84 0
8506208 Uzwil 101 47.436445 9.130972 WGS84 0
8579602 Valangin 100 47.015651 6.906367 WGS84 0
8501007 Vernier 101 46.220708 6.093895 WGS84 0
8501022 Versoix 101 46.279713 6.165746 WGS84 0
8501200 Vevey 101 46.462994 6.843451 WGS84 0
8501303 Villeneuve 101 46.398361 6.926997 WGS84 0
8501605 Visp 101 46.294024 7.881454 WGS84 0
8503150 Volketswil 100 47.389584 8.693216 WGS84 0
8503206 Wdenswil 100 47.229297 8.675192 WGS84 0
8500087 Waldenburg 101 47.386285 7.748845 WGS84 0
8509414 Walenstadt 101 47.119872 9.312968 WGS84 0
8503129 Wallisellen 101 47.412713 8.591907 WGS84 0
8500210 WangenanderAare 100 47.231949 7.65622 WGS84 0
8574039 Werdenberg 100 47.168548 9.463609 WGS84 0
8503505 Wettingen 101 47.459637 8.315983 WGS84 0
8503123 Wetzikon 101 47.31803 8.792268 WGS84 0
8500287 Wiedlisbach 101 47.252885 7.646098 WGS84 0
8506206 Wil 0 47.462406 9.040981 WGS84 0
8508295 Willisau 101 47.122559 7.997064 WGS84 0
8506000 Winterthur 101 47.500331 8.723797 WGS84 0
8502213 Wohlen 100 47.348458 8.269779 WGS84 0
8507063 Worb 100 46.929984 7.562472 WGS84 0
8504200 Yverdon-les-Bains 101 46.781877 6.64114 WGS84 0
8502001 Zofingen 101 47.288042 7.943093 WGS84 0
8503100 Zollikon 101 47.33733 8.569713 WGS84 0
8502204 Zug 101 47.173627 8.515292 WGS84 0
8503000 Zurich 101 47.378177 8.540192 WGS84 0
8503594 Zurzach 100 47.576119 8.277267 WGS84 0
